0 -1
97 263
0 -1
122 263
0 -1
122 263
0 -1
105 263
0 -1
112 263
0 -1
32 263
0 -1
97 263
0 -1
116 263
0 -1
115 263
0 -1
101 263
0 -1
117 263
0 -1
113 263
0 -1
10 263
0 -1
101 263
0 -1
114 263
0 -1
105 263
0 -1
97 263
0 -1
103 263
0 -1
110 263
0 -1
97 263
0 -1
109 263
0 -1
32 263
0 -1
105 263
0 -1
100 263
0 -1
32 263
0 -1
97 263
0 -1
108 263
0 -1
105 263
0 -1
116 263
0 -1
116 263
0 -1
101 263
0 -1
109 263
0 -1
115 263
0 -1
10 263
0 -1
10 263
0 -1
10 263
0 -1
10 263
0 -1
10 263
0 -1
10 263
0 -1
105 263
0 -1
109 263
0 -1
97 263
0 -1
114 263
0 -1
111 263
0 -1
32 263
0 -1
111 263
0 -1
112 263
0 -1
109 263
0 -1
101 263
0 -1
116 263
0 -1
32 263
0 -1
111 263
0 -1
116 263
0 -1
110 263
0 -1
97 263
0 -1
116 263
0 -1
32 263
0 -1
97 263
0 -1
100 263
0 -1
32 263
0 -1
97 263
0 -1
32 263
0 -1
116 263
0 -1
32 263
0 -1
117 263
0 -1
32 263
0 -1
100 263
0 -1
32 263
0 -1
97 263
0 -1
32 263
0 -1
99 263
0 -1
32 263
0 -1
115 263
0 -1
32 263
0 -1
39 263
0 -1
101 263
0 -1
10 263
0 -1
97 263
0 -1
32 263
0 -1
122 263
0 -1
32 263
0 -1
122 263
0 -1
32 263
0 -1
105 263
0 -1
32 263
0 -1
112 263
0 -1
32 263
0 -1
97 263
0 -1
32 263
0 -1
116 263
0 -1
32 263
0 -1
115 263
0 -1
32 263
0 -1
101 263
0 -1
32 263
0 -1
117 263
0 -1
32 263
0 -1
113 263
0 -1
32 263
0 -1
10 263
0 -1
101 263
0 -1
32 263
0 -1
114 263
0 -1
32 263
0 -1
97 263
0 -1
32 263
0 -1
105 263
0 -1
32 263
0 -1
103 263
0 -1
32 263
0 -1
110 263
0 -1
32 263
0 -1
97 263
0 -1
32 263
0 -1
109 263
0 -1
32 263
0 -1
110 263
0 -1
32 263
0 -1
111 263
0 -1
32 263
0 -1
110 263
